import matplotlib.pyplot as plt

epoch = list(range(50))
mae_val = [16.9444, 12.2355, 7.6333, 4.1947, 2.1805, 3.3889, 4.9737, 5.155, 4.4565, 3.4633,
           2.9967, 2.7248, 2.625, 2.6352, 2.7686, 2.8184, 2.8727, 2.7985, 2.6764, 2.5795,
           2.6139, 2.6814, 2.7151, 2.6591, 2.5676, 2.4525, 2.4116, 2.3891, 2.4219, 2.4694,
           2.4628, 2.4002, 2.3778, 2.267, 2.1413, 2.0631, 2.0402, 2.043, 2.0738, 2.0893,
           2.0915, 1.9783, 1.8943, 1.887, 1.8326, 1.8302, 1.782, 1.7015, 1.6693, 1.7031]
mae_test = [19.1643, 14.407, 9.7535, 5.3828, 1.6632, 2.1384, 3.2063, 3.3344, 2.8725, 2.2104,
            1.5324, 1.2895, 1.2253, 1.2148, 1.2593, 1.3431, 1.4669, 1.374, 1.1986, 1.0795,
            1.152, 1.3007, 1.3929, 1.3305, 1.207, 1.0304, 0.9952, 0.9972, 1.1155, 1.2511,
            1.2862, 1.2209, 1.2282, 1.064, 0.8599, 0.7622, 0.7537, 0.8058, 0.9074, 0.9863,
            1.0494, 0.883, 0.7646, 0.8058, 0.7655, 0.8019, 0.7356, 0.6048, 0.5869, 0.6483]

plt.figure(figsize=(10,5))
plt.plot(epoch, mae_val, label='MAE_val (eV)', marker='o')
plt.plot(epoch, mae_test, label='MAE_test (eV)', marker='x')
plt.xlabel('Epoch')
plt.ylabel('MAE (eV)')
plt.title('Epoch별 MAE 변화')
plt.legend()
plt.grid(True)
plt.show()
