dsgdb9nsd_000133
C -0.0406925061 1.5666381082 0.048713788
C 0.0016919279 0.0369116735 0.001968379
C 0.710063625 -0.509588441 -1.2422173133
C 0.7584122957 -2.0402453701 -1.2987855517
C 1.4677806522 -2.575544692 -2.5454998816
H 0.9698297954 1.9905204812 0.0488764328
H -0.567858619 1.9744704608 -0.8211207747
H -0.5524822079 1.9272701152 0.9466176335
H 0.5049637438 -0.3439335736 0.9007116933
H -1.0216662045 -0.3599012965 0.0385411928
H 0.2071935641 -0.1289239909 -2.1426225738
H 1.7344735687 -0.1125400024 -1.2803215877
H 1.2614187954 -2.4192597013 -0.3991224941
H -0.2654482802 -2.4356389105 -1.2608648146
H 0.9660806854 -2.2408125501 -3.4604253115
H 2.5047068979 -2.2241895817 -2.5920980651
H 1.486840146 -3.6699339289 -2.5583221313
-8.4491397 2.5170545

dsgdb9nsd_000134
C -0.0116471151 1.5438344143 0.0104946627
C -0.0151394312 0.0126651287 0.0022787509
C -1.4273876626 -0.5799115674 0.0125842424
C -1.4363742979 -2.1022854414 0.0044568452
O -2.7889082303 -2.5359440978 0.0150215963
H 1.0080185543 1.9414249556 0.0028885712
H -0.5329011495 1.9446484939 -0.8658006338
H -0.5160118888 1.9351310244 0.9008621113
H 0.5266248633 -0.3489474301 -0.8819239612
H 0.5433884162 -0.3583958679 0.8720184311
H -1.9748018176 -0.2340225566 0.89834248
H -1.9915995394 -0.2245455343 -0.8587650083
H -0.9067160905 -2.4721687844 -0.8893732559
H -0.8897948359 -2.4817374845 0.8839732072
H -2.7960854849 -3.4973740126 0.010008121
-7.1157811 2.21228682

dsgdb9nsd_000135
C -0.0331362062 1.5200518572 -0.0132133902
C 0.0192659654 -0.0090185418 0.0290168573
C 0.7506414697 -0.5331282543 1.2570653306
O 0.7540038119 -1.9436226725 1.2185442567
C 1.4108623641 -2.5202882702 2.3191530154
H 0.9726870096 1.954134759 -0.0341379476
H -0.5636187055 1.8707840324 -0.9031046908
H -0.5503894517 1.9266971683 0.8629458023
H -0.9947019936 -0.4251246045 0.0248377448
H 0.5196186986 -0.3978057352 -0.8652914234
H 1.7858119695 -0.147426042 1.2809216553
H 0.2575969983 -0.1756075433 2.1790139617
H 2.4694797411 -2.2175515883 2.3711343009
H 0.9325553075 -2.2458174549 3.2735677597
H 1.3612410714 -3.60565778 2.2006347471
-6.80285 2.51977564

dsgdb9nsd_000136
C -0.0012737517 1.5094277447 -0.0211485267
C 0.0147244892 -0.0099687199 -0.0183230714
O 0.6755517762 -0.4570760148 -1.18252294
C 0.7456806182 -1.8633471222 -1.2796926072
C 1.4737587703 -2.2266221263 -2.5629553862
H 1.0189165155 1.9034690659 -0.0357229644
H -0.5253354653 1.8857148044 -0.904341089
H -0.5078406361 1.8881254104 0.8717132268
H 0.5288009804 -0.3893126266 0.8820261226
H -1.0148650879 -0.4071864601 0.0126735209
H 1.2735761704 -2.2806865481 -0.4045059103
H -0.2693699588 -2.2974629662 -1.2751576379
H 0.9423327498 -1.827177375 -3.4314584209
H 2.4853744383 -1.8108190206 -2.5606646287
H 1.5444880114 -3.3134572756 -2.6678888976
-6.75659062 2.53338134

dsgdb9nsd_000138
O -0.0888800952 1.4263262953 0.0103811887
C 0.01430791 0.0106153954 0.0019050922
C -1.3978524236 -0.558024834 0.0124121893
C -1.4219357914 -2.0801992033 0.004462131
O -2.780389527 -2.4918421034 0.0149960867
H 0.8003455451 1.7920167183 0.004230813
H 0.5547637125 -0.3433042635 -0.8919741973
H 0.5717411287 -0.35268832 0.8814762379
H -1.9262744926 -0.1939409682 0.899957196
H -1.9431583136 -0.1845125564 -0.8608898512
H -0.8985672662 -2.4591598266 -0.8893213487
H -0.8819194169 -2.46869181 0.8841322229
H -2.8026668244 -3.4530781857 0.0106675495
-7.09401198 2.11976806

dsgdb9nsd_000139
C 0.0026367199 -1.1910088516 -0.014520201
C 0.0069510046 0.0120314222 0.0056485034
C 0.0098584132 1.4452483184 0.0282508421
C 0.4927329319 2.1890884615 1.2638269848
C 1.32615275 2.2070760163 0.0175492909
H -0.0018758036 -2.2522163616 -0.0337459851
H -0.8090984553 1.9101793721 -0.5126959215
H -0.0467215796 3.087316864 1.5419857305
H 0.8340211769 1.5871775496 2.0973541799
H 2.2347799274 1.6174033117 0.0026810918
H 1.3650983046 3.1177898274 -0.5692061058
-6.5987645 1.36873342

dsgdb9nsd_000140
C 0.0163986674 -1.182506217 -0.0133462486
C -0.001313556 0.019905406 0.0230742731
C -0.0103387346 1.4550744708 0.0436857175
C 0.5090564944 2.1826577635 1.2413358091
N 1.2690319129 2.2050593317 -0.0111356672
H 0.0275219818 -2.2439325152 -0.0421683171
H -0.8038095075 1.9219335527 -0.5339540419
H 0.0544212328 3.1289072909 1.520012586
H 0.8716058706 1.5813628686 2.0695346973
H 2.0384749081 1.541570748 0.0426971319
-6.59060108 0.87620708

dsgdb9nsd_000141
C 0.0172494265 -1.1863973557 -0.0328792108
C 0.0192685813 0.0140484544 0.0226989053
C -0.0106977409 1.4510801859 0.0703490806
C 0.5219731603 2.1992195643 1.2265478926
O 1.2466606766 2.1420974463 0.0055683506
H 0.0228731533 -2.2475799493 -0.0787438088
H -0.8009894725 1.9193639951 -0.5151192469
H 0.0866399781 3.1662435153 1.4751608867
H 0.9541532273 1.6446770737 2.0570240008
-7.211021000000001 0.51429546

dsgdb9nsd_000143
N 0.0403173174 -1.1340139691 -0.0084699147
C 0.0115557703 0.02223935 0.0174863714
C -0.0067109047 1.4626289343 0.0340468616
C 0.5109397061 2.1731755602 1.2435582082
N 1.268089053 2.2088348485 -0.0065754944
H -0.8072442369 1.9100063644 -0.5467797499
H 0.0458313763 3.1117757632 1.5282827017
H 0.8707891219 1.5624535534 2.0658828574
H 2.0495784667 1.5586235551 0.0317800287
-7.551163500000001 0.20680664

dsgdb9nsd_000144
N 0.0100907197 -1.1375395251 -0.0333392076
C 0.0130461205 0.0170767338 0.0122034627
C -0.0157395589 1.4636486592 0.0611017856
C 0.5235950315 2.1850501482 1.2303475744
O 1.2431932456 2.1308643898 0.0050186601
H -0.8111378687 1.9196432626 -0.5247623768
H 0.0943939324 3.1518747589 1.4858890383
H 0.9500694278 1.6147856126 2.0523049032
-8.37294778 -0.19592208

dsgdb9nsd_000145
O -0.0755901341 0.0231946052 -0.2304785675
C 0.0426801281 1.1720380007 0.114793331
C 1.2991656936 1.9499353681 0.077156122
C 1.2041332295 3.4414049085 -0.2189148146
C 1.5232060172 2.9928783831 1.1649378427
H -0.8310239595 1.7515015456 0.5037649694
H 2.1599511863 1.4077687304 -0.2970291468
H 1.9914869516 3.8639902891 -0.8316673826
H 0.2167918268 3.8480352446 -0.4119644526
H 0.7558460568 3.0902916265 1.9259418693
H 2.5367838037 3.0974404882 1.5333080597
-6.76475404 -0.42721897999999997

dsgdb9nsd_000147
O -0.2976124505 0.2910686556 -0.6541451419
C 0.2235951999 0.8592614009 0.2696931621
C 1.4400654976 1.7160416305 0.1450542826
C 1.5035752587 2.9696515097 0.9280962738
O 2.2249055359 1.8227157868 1.3373455835
H -0.1633505761 0.7954801678 1.3117030676
H 1.9902548349 1.6391287398 -0.7904937097
H 2.0953131091 3.7929567254 0.5322167199
H 0.6657525704 3.2517327136 1.5646414621
-7.17292504 -1.13743652

dsgdb9nsd_000148
O 0.1187092073 0.0583466843 -0.2399097795
C 0.092307929 1.2269551757 0.0555876736
N 1.1703379325 1.9456088998 0.5475196916
C 2.5138543811 1.8187559902 0.0370699209
C 1.7533640679 3.1079184567 -0.0976265635
H -0.8274406609 1.8426206433 0.0276183046
H 3.2999957883 1.7363704256 0.781619353
H 2.6468802841 1.2064193009 -0.8505264931
H 1.3892000629 3.375258836 -1.0867839591
H 1.9860141977 3.9475352875 0.5511815315
-6.952512700000001 -0.03537482

dsgdb9nsd_000149
C 0.1523109297 1.4792047744 0.1084939203
C -0.1648107895 -0.0017525401 -0.127743154
C 0.5826050755 -0.5865867173 -1.3080946629
C 1.9882595853 -1.1078871699 -1.1388500777
C 0.8497792235 -2.0667655777 -1.3951034368
H 1.2207143171 1.6269312144 0.297567467
H -0.1143763408 2.0835523866 -0.7657223833
H -0.400830387 1.8741898179 0.9665278778
H 0.0819498889 -0.5792424723 0.7729855292
H -1.245196341 -0.1259050848 -0.2806764896
H 0.3786099457 -0.0887850521 -2.2538720463
H 2.708447899 -0.9381205772 -1.9317081811
H 2.4164053818 -1.088711473 -0.1414114299
H 0.518015036 -2.6895310598 -0.570310384
H 0.7908821959 -2.5499501091 -2.3642880386
-7.40966422 2.68304404

dsgdb9nsd_000151
C 0.1818156289 1.4736209082 0.0737659409
C -0.1918358624 0.0040433311 -0.0970084801
N 0.499614032 -0.578513183 -1.2435461063
C 1.8165591414 -1.1478015431 -0.9778058419
C 0.644946899 -2.0283209372 -1.2432828952
H 1.252530291 1.584850701 0.2740559224
H -0.0512781824 2.0361142862 -0.8346765216
H -0.3668214893 1.9179612568 0.9098979536
H 0.0252752989 -0.5503888867 0.8354923063
H -1.2693436364 -0.0906607865 -0.2783714283
H 2.5710779243 -0.9825077745 -1.7415805419
H 2.1887577672 -1.1160589363 0.0457130636
H 0.2408201869 -2.5831151417 -0.397398117
H 0.5257109509 -2.5176572543 -2.2059181247
-6.25590086 2.585083

dsgdb9nsd_000152
C -0.2533142946 1.213474707 0.1157834484
O 0.5103751942 0.0542204424 -0.1454864689
C 0.9522174589 -0.5747157439 1.0149177352
C 0.0327418325 -1.5344601753 1.7288946691
C 1.2111817604 -2.0413708562 0.9178378943
H 0.3304731178 1.9693252771 0.6635427447
H -0.5495380807 1.6293680624 -0.8502224175
H -1.1550223997 0.9838715743 0.701903517
H 1.6244219374 0.0316146112 1.6249837713
H 0.0743375034 -1.5962027746 2.8108395146
H -0.9530954585 -1.6765787164 1.3002594762
H 0.9888364237 -2.5054754174 -0.0361017245
H 2.0694324452 -2.4521709307 1.4372243001
-6.6395816000000005 2.5986887000000003

dsgdb9nsd_000153
O -0.0446437221 1.308418401 -0.4475474115
C -0.0060264355 -0.0001995661 0.1071265457
C -1.3968291355 -0.5723095897 0.0812156033
C -1.9221911992 -1.2110868831 -1.1773227549
C -1.5881700991 -2.0667539759 0.0190313119
H 0.8236153009 1.7059844898 -0.3329587431
H 0.6684980171 -0.6575817589 -0.4675628037
H 0.3690138622 0.0228913473 1.1433538301
H -2.1132738008 -0.0125293695 0.6754762949
H -2.9657195127 -1.0633910488 -1.4312867619
H -1.2581213521 -1.2529536937 -2.0342213031
H -0.7023617508 -2.6915672844 -0.0343169873
H -2.4012373123 -2.5028530879 0.5883979096
-7.07768514 2.1497006

dsgdb9nsd_000154
O -0.0254570301 1.2789874028 0.4623293155
C 0.0003579821 -0.0085628788 -0.1361736708
C -1.3946157441 -0.5711882844 -0.1118587242
C -1.5889895139 -2.0351274963 0.0324216028
N -1.9497013334 -1.1251108799 1.1305140799
H 0.8401644492 1.6816930883 0.3462455575
H 0.3558776712 0.0427862923 -1.178085656
H 0.6765178497 -0.6908748039 0.4080094583
H -2.1163139088 0.0001380094 -0.6917138281
H -2.4276342037 -2.5236082069 -0.4550515016
H -0.7035636032 -2.6585481978 0.1351985964
H -1.2303073851 -1.1387425849 1.8501580003
-6.6286970400000005 1.84221178

dsgdb9nsd_000155
O 0.1016120415 1.3183485284 0.249826405
C 0.065577787 -0.016445706 -0.2227958214
C -1.3417838251 -0.5556321339 -0.2434382662
C -1.6519831288 -1.9361664259 0.1430348586
O -1.8820427052 -0.8590319527 1.0523646458
H -0.2997842252 1.3123358697 1.1263046417
H 0.4782096418 0.0041471852 -1.2374778982
H 0.6968646172 -0.6815174154 0.3868694731
H -2.0365002346 -0.0265904302 -0.8967491212
H -2.5466832563 -2.4167562584 -0.2494616087
H -0.8442285623 -2.6140506107 0.4164180215
-7.18653074 2.11432578

dsgdb9nsd_000156
C 0.0474187686 1.4887357829 -0.2261645042
C 1.4641697049 1.9426685213 0.2166371531
C 2.190576053 0.6354920289 0.4336723361
C 1.3613344742 -0.4063998936 0.4361186948
C -0.0760040732 0.0075334253 0.2211808455
H -0.7453698189 2.1206738766 0.1817585925
H -0.0261549233 1.5447324117 -1.3167238164
H 1.9493520822 2.5832509491 -0.5288137808
H 1.4361414354 2.5273951405 1.1474653293
H 3.2606717776 0.584053642 0.6035495893
H 1.6519790907 -1.4371714668 0.6082954283
H -0.6499765843 -0.0936859413 1.1536196532
H -0.5930787669 -0.6111596266 -0.5213133305
-6.353861900000001 0.8843705000000001

dsgdb9nsd_000159
C -0.020041479 1.5448408219 0.0135384348
C 1.4623812684 1.9874082336 -0.0062924985
C 2.2219481313 0.7931144527 0.5926593558
C 1.4952739389 -0.4168584143 -0.015777431
C 0.0009792426 -0.0141956023 -0.0003020409
H -0.5115711747 1.9079637444 0.9218080702
H -0.5793906741 1.9598986791 -0.8295293176
H 1.7942144517 2.146865564 -1.0396304332
H 1.6323032747 2.9239824519 0.5327279978
H 3.2939786064 0.8084334434 0.374299383
H 2.1108811551 0.7875827274 1.6848969469
H 1.8355057348 -0.5622821554 -1.0484154844
H 1.6876826306 -1.3516019846 0.5187912689
H -0.4893660064 -0.4073405887 0.8959753627
H -0.5388599803 -0.428200053 -0.8564725544
-8.37566892 2.29664216

dsgdb9nsd_000160
C -0.0202436939 1.5405305366 -0.1184050162
C 1.4544596004 1.9654364526 0.1225907572
C 2.1703915912 0.6245355321 0.3948945057
O 1.3608153047 -0.3747536967 -0.2036854858
C 0.0198515941 0.0074533171 0.0564609516
H -0.7150845135 2.01093915 0.5816352389
H -0.3399021984 1.806867967 -1.1288242101
H 1.8672566964 2.4535776572 -0.7635656018
H 1.5618579841 2.6588741615 0.9603096156
H 3.1687379635 0.5566981179 -0.0446422617
H 2.2582398537 0.447768829 1.4800898419
H -0.2662268182 -0.2712262841 1.0847078145
H -0.6259699639 -0.5361479304 -0.6377205999
-6.745706060000001 2.2449405000000002

dsgdb9nsd_000162
C 0.0215080532 1.4593903554 0.1004361686
C 1.3350302405 0.7482139411 -0.0678021377
C 1.7535998485 0.0937892949 1.2547147082
C 0.4080673965 -0.7075485212 1.2635029318
C 0.0191846257 -0.035262609 -0.059132725
H -0.2415235003 1.911713019 1.0552152991
H -0.3183015344 2.0206072355 -0.764309309
H 1.9956795599 0.9658954263 -0.8985259138
H 2.6202376771 -0.5636163336 1.1550256604
H 1.9315567353 0.7772691336 2.0920260646
H 0.5723066708 -1.7832606181 1.1683458396
H -0.2695006781 -0.533645395 2.1064468344
H -0.4950666348 -0.517116149 -0.8821197614
-6.85455166 2.68576518

dsgdb9nsd_000163
C 0.006536809 1.475643946 0.0951861458
C 1.348395753 0.7889432589 -0.0701395763
C 1.6863247747 0.0425261467 1.2156691477
O 0.391648253 -0.6198065109 1.2211041352
C 0.0687954183 -0.0126130204 -0.0326597517
H -0.2771875443 1.9175640326 1.0467734934
H -0.3368382296 2.0097081955 -0.785421529
H 2.0304372004 1.000717294 -0.8819477943
H 2.4906545152 -0.6927446001 1.098380317
H 1.8569959156 0.6351619401 2.1228439109
H -0.4528935754 -0.6119383325 -0.7699972888
-6.35930418 2.32113242

dsgdb9nsd_000164
C -0.0392602399 1.510408861 0.0534970635
C 1.5323753067 1.5307220878 0.0359816988
C 1.5007902869 0.001608406 -0.1059287002
O 0.783892585 -0.5123442009 1.0215991192
C 0.0286013199 -0.0174537532 -0.0892888448
H -0.5317924236 1.8676447294 0.9606974868
H -0.4709947627 2.0081617555 -0.8179865444
H 1.93157189 2.039295149 -0.8447135193
H 2.0356290226 1.9007210833 0.9321207296
H 2.2169697157 -0.6603244453 -0.5791735736
H -0.6807011206 -0.6978534626 -0.5464289457
-6.84910938 2.5878041400000003

dsgdb9nsd_000165
N 0.0200090461 1.3521755338 0.0096855469
C 1.2857043783 1.8370560482 -0.0002574543
C 2.1183721575 0.7382172413 -0.0145659838
C 1.2412822933 -0.368316135 -0.0119476614
N -0.0349193394 0.0073555309 0.0028268667
H -0.8400502436 1.8732196445 0.0210632811
H 1.4876810105 2.8964005225 0.0035681484
H 3.1960219619 0.7358355711 -0.0252885996
H 1.4875068754 -1.4199632572 -0.020187894
-6.63413932 0.65035246

dsgdb9nsd_000166
N 0.0182739952 1.3062968461 0.0092909354
C 1.2902771006 1.7678511133 -0.0003663889
C 2.0478313593 0.6228996592 -0.014533446
N 1.2126159855 -0.45465475 -0.0121499923
N -0.0206913478 -0.0399538567 0.002783092
H -0.8458134205 1.8241362515 0.0205633403
H 1.5325328382 2.8168209459 0.0031402487
H 3.1194237895 0.5101089307 -0.0259224092
-7.18653074 -0.06258622

dsgdb9nsd_000167
N 0.0068637129 1.3543886388 0.0098030736
C 1.2877308849 1.7751224177 -0.0006303393
N 2.1022228334 0.7378995984 -0.014383726
C 1.2386759646 -0.3171902112 -0.011553585
N -0.0452811419 0.0014633793 0.0029412768
H -0.8459890948 1.8890884125 0.0211917297
H 1.569426308 2.8172545796 0.0022548317
H 1.5661064428 -1.3457822952 -0.0204190516
-7.360683700000001 0.16054726

dsgdb9nsd_000168
N -0.0299544928 1.3607382465 0.0102308187
C 1.2824196837 1.7387270422 -0.0006093537
N 2.0599683386 0.6880935414 -0.0143307277
N 1.242911389 -0.428155788 -0.0123399748
C 0.0064162276 -0.0045215628 0.002322676
H -0.8419327908 1.9550995245 0.0215825599
H 1.6045208591 2.768172602 0.0019438861
H -0.8775034644 -0.6227210859 0.0076822381
-6.94162814 0.44626696000000005

dsgdb9nsd_000169
N 0.0151331704 1.2610567998 0.0092789263
N 1.2202348311 1.8132422785 0.0003313782
C 2.0319662765 0.7544357864 -0.0135001746
C 1.2504054218 -0.4117939627 -0.012279037
N -0.0374785504 -0.0634966203 0.0023922831
H -0.8215034412 1.8217486595 0.0206998903
H 3.1029214669 0.8767068034 -0.0234000089
H 1.544433295 -1.4488407846 -0.0209464973
-7.461365880000001 -0.1496627

dsgdb9nsd_000170
O -0.0153626546 1.2820529562 0.0091561868
C 1.2546968913 1.7087536795 -0.000692087
C 2.1108496145 0.6554640741 -0.0146905616
C 1.2351839433 -0.4642810069 -0.012316408
N -0.0259346659 -0.1093839611 0.001629622
H 1.3905401672 2.7790367916 0.0038419032
H 3.1873453767 0.6696965139 -0.024970442
H 1.4816541275 -1.5165741371 -0.0204073509
-7.28449178 -0.37551732

dsgdb9nsd_000171
O -0.0140710953 1.3173135051 0.0093144316
C 1.2570254917 1.7002859793 -0.0008207948
C 2.0502071703 0.5996642575 -0.0143590676
N 1.2049691483 -0.4873193738 -0.0121534148
N 0.0049878097 -0.1217753109 0.001418111
H 1.4553239971 2.7596429331 0.0029861861
H 3.1210842982 0.4964388897 -0.0251924416
-7.78790268 -1.1973016

dsgdb9nsd_000172
O -0.022420118 1.2892703108 0.009242646
C 1.2611578461 1.6485704893 -0.0011762231
N 2.0953269928 0.6569197707 -0.0144354712
C 1.2326777791 -0.4152061938 -0.0118745255
N -0.0356282186 -0.1110300295 0.0017536228
H 1.476729655 2.7067920579 0.0024315419
H 1.5613515236 -1.4439634054 -0.020558661
-8.31036156 -0.9115819000000001

dsgdb9nsd_000173
O -0.0517957419 1.3654245692 0.0098607314
C 1.2587582787 1.7112384067 -0.0008437355
N 2.055711433 0.6988559559 -0.0139385651
N 1.2307899583 -0.4348435208 -0.0119346405
C 0.0223452333 0.0120230913 0.0020534171
H 1.5043063316 2.7603271117 0.0023186853
H -0.900309253 -0.544361994 0.0079967872
-7.86137346 -0.48436292000000003

dsgdb9nsd_000174
O -0.024923526 1.3239640631 0.0095330834
C 1.2540324794 1.6470814639 -0.0011207866
N 2.0560129184 0.6280513156 -0.0141689357
N 1.1946555035 -0.4534118336 -0.0118337279
N -0.0044322565 -0.1103432447 0.0014179993
H 1.5256021011 2.6908541558 0.0019673375
-9.006973400000001 -1.74969302

dsgdb9nsd_000175
O 0.0455888293 1.3688790424 0.0089791375
N 1.3304858002 1.8303194434 -0.0008738698
C 2.0834812065 0.764778918 -0.0138352169
C 1.248123233 -0.383813982 -0.0119726118
N 0.0024443094 0.0043014193 0.0020848805
H 3.1591975737 0.8420128499 -0.0237510797
H 1.5060485479 -1.4310188809 -0.0200653798
-8.74302282 -1.4013871

dsgdb9nsd_000176
O -0.0593325887 1.2684201211 0.0095178503
N 1.1946293712 1.771776509 0.0001229152
C 1.9590217387 0.7210517427 -0.0128069641
N 1.2270421979 -0.4479406483 -0.0121559722
N 0.0119302176 -0.1246338293 0.0012973737
H 3.0355546734 0.7552313348 -0.0229864829
-9.19473206 -2.2177291

dsgdb9nsd_000178
C -0.0351728226 1.4942768396 0.0163054347
C 0.0061332328 -0.0141034799 0.0441324809
N 0.0772602359 -0.7149403185 1.1227548258
O 0.1103531366 0.1074132045 2.2468161865
C -0.0345077457 -0.7366254602 -1.1826284192
C -0.0721962015 -1.2833127801 -2.2546047081
H 0.8578792843 1.9027959091 0.499457234
H -0.0954825772 1.8633731107 -1.0071077093
H -0.8965879098 1.8563160564 0.586166862
H 0.1623848841 -0.5315206017 2.9661181339
H -0.1042721368 -1.7853392298 -3.1898787412
-6.484476620000001 -0.8571591000000001

dsgdb9nsd_000179
C 0.0074652669 1.475034976 0.0248043158
C -0.0093367433 -0.0252713037 0.0180519802
C -0.1158756045 -0.7722377111 1.3254243143
O -0.1215931722 -2.1668657188 1.1876235882
N 0.0604624556 -0.7537397741 -1.0258063938
O 0.1572862465 -0.0033631349 -2.2028993036
H 0.9272477605 1.847957932 -0.4367554712
H -0.8240888524 1.8681023791 -0.5685958517
H -0.0645433104 1.8675182614 1.041744329
H 0.7223783799 -0.4530863801 1.9687900854
H -1.0330921542 -0.4328936302 1.8372845724
H -0.0524983499 -2.3405444255 0.2383465967
H 0.2002809876 -0.6848751403 -2.8821158418
-6.80829228 0.17959524000000002

dsgdb9nsd_000180
C -0.02713464 1.5221203086 0.0521305946
C 0.0323693578 -0.0124749555 -0.0304120233
C 0.7282693006 -0.509286915 -1.2711077622
C 0.1197239999 -0.2618318564 -2.6264349659
N 1.8326439706 -1.1282801584 -1.0913424504
O 2.4056288198 -1.5311268206 -2.3124791001
H 0.9803323016 1.9481482522 0.0827491978
H -0.5483940531 1.9540764861 -0.8082238646
H -0.5580317568 1.8383921734 0.9549880432
H 0.5562345897 -0.4149043749 0.8407760193
H -0.9901253601 -0.4139258185 -0.0136576368
H 0.734038341 0.4356263481 -3.2064085046
H 0.0848704736 -1.1928804821 -3.1995737774
H -0.8885473976 0.149081638 -2.5428579112
H 3.1970636931 -1.9934940451 -2.0182152584
-6.5035246 0.47075722

dsgdb9nsd_000181
O -0.1500950642 1.343869983 0.1828051857
N 0.0250254858 -0.0540392113 0.1351900496
C -1.0797910756 -0.6391533332 -0.0609615193
C -2.521737295 -0.2118174699 -0.2541064766
C -2.8939398193 -1.7235274569 -0.3896511698
C -1.3923940981 -2.1177806633 -0.1858020823
H 0.7491446719 1.6541104472 0.3336847662
H -2.9541229025 0.3115338616 0.6039065554
H -2.6928875386 0.4037884545 -1.1422380996
H -3.5647310398 -2.0939209851 0.3872418393
H -3.3029304218 -2.0014986738 -1.3623657141
H -0.9196960771 -2.6145520587 -1.0380283744
H -1.1814585356 -2.7069027742 0.7113920799
-6.5443417 0.20136436000000002

dsgdb9nsd_000183
O -0.1293945188 1.3484878825 0.0880420524
N 0.0397346095 -0.0461987267 0.0642698067
C -1.0730168337 -0.6327521506 -0.0309507819
C -2.5377542187 -0.2848795327 -0.1273587322
O -2.8560357313 -1.6960721631 -0.1865399517
C -1.463492177 -2.0877827653 -0.0965139546
H 0.7778266118 1.6649013468 0.1615060515
H -2.9682640461 0.212414343 0.7511857527
H -2.8400125118 0.2582539557 -1.031863609
H -1.1251082303 -2.6378435109 -0.9837177612
H -1.2533844435 -2.6838356186 0.8005772473
-6.79740772 -0.12517244

dsgdb9nsd_000184
F 0.0010921821 0.0735451051 0.0024996288
C -0.0168887554 1.3947684349 0.009692655
F 1.2227713731 1.8522134169 0.0003138912
F -0.6559701536 1.8325027456 -1.0609125843
F -0.6354026161 1.8208575876 1.0969063093
-11.66280604 5.2654059

dsgdb9nsd_000187
O 0.0027498029 -0.0505033212 0.0030155796
C -0.0137438913 1.1642779621 0.0098827971
N -1.1116685842 2.0180264293 0.0286643034
C -0.7175225223 3.3537452851 0.0309580223
C 0.6303237607 3.372145972 0.0132904365
N 1.0605860714 2.0476809124 0.0003087316
H -2.0523348648 1.6671899841 0.0391210272
H -1.4266405306 4.1627538125 0.0445893563
H 1.3172106894 4.2002120628 0.0086208332
H 2.0104346458 1.7226513709 -0.0135521471
-5.30894414 1.10478284

dsgdb9nsd_000188
O 0.0114807811 -0.0226584084 0.0028648289
C -0.0356291321 1.1758295797 0.0101034337
N -1.1235105939 2.0223140547 0.0290620129
C -0.7030196719 3.3515559387 0.0303489828
C 0.6340859591 3.3171497633 0.0120491151
O 1.070505494 2.0105220715 -0.0007953265
H -2.0674369272 1.680010545 0.0399178887
H -1.3885132683 4.1807762713 0.0439017986
H 1.3882389191 4.0835849343 0.0057790258
-6.0273251000000005 0.56327598

dsgdb9nsd_000189
O 0.002032296 0.0030976283 0.0031974156
C -0.0140876365 1.1895787907 0.0095302424
O -1.132130105 1.9823079567 0.0287676638
C -0.70689282 3.2954973827 0.0299074907
C 0.6212504111 3.3136373516 0.0121781075
O 1.0820030839 2.0125474282 -0.0008348254
H -1.4620993684 4.0607448555 0.0440635469
H 1.3553915189 4.0992229663 0.0064512184
-6.8844842 0.07347078000000001

dsgdb9nsd_000190
C -0.0184501063 1.5019778039 0.059236049
C -0.0026410235 0.0124584639 -0.045787723
C -0.059280739 -0.8213315634 -1.1411393113
C -0.0084609445 -2.1660889834 -0.6745161692
C 0.07788739 -2.1187727072 0.6954312625
N 0.0812280347 -0.7950406586 1.0653768825
H 0.894592172 1.8967517739 0.5231765849
H -0.0968401949 1.9425241084 -0.9372832987
H -0.8679524696 1.8688602759 0.6494899042
H -0.1299023538 -0.4951573603 -2.1680882928
H -0.0329711101 -3.0615067062 -1.2763237201
H 0.1367957044 -2.9019875673 1.4339887744
H 0.1366206504 -0.4615323196 2.0118842777
-5.26268476 1.34968544

dsgdb9nsd_000191
C 0.0576320116 1.4794255377 0.0313054108
C -0.0773455176 -0.0007654909 0.007787447
C -1.1210435502 -0.8452209389 -0.2154661926
C -0.6040937178 -2.1783669651 -0.098114749
C 0.7147947951 -2.0423264804 0.1876191485
O 1.0530631596 -0.7250748692 0.2559100062
H 0.7774743646 1.8305686536 -0.7168748625
H -0.9085383323 1.9424110137 -0.1809804332
H 0.4016949846 1.8374616365 1.0083881514
H -2.1363092026 -0.554783559 -0.4369136994
H -1.1450627285 -3.104630331 -0.2119008245
H 1.5165154234 -2.739985187 0.3643811874
-5.779701360000001 0.65035246

dsgdb9nsd_000192
C 0.061519571 1.4887348724 0.0614162178
C -0.0670011247 0.0120213615 -0.002200659
C -1.0723550209 -0.8556339208 -0.2755561587
N -0.6041670808 -2.1630540696 -0.1844937057
C 0.6387965307 -2.0243802495 0.1336928547
O 1.0503800958 -0.7406585501 0.2652447437
H 0.8041778215 1.8588557866 -0.654004094
H -0.8996213375 1.9515950441 -0.1731079385
H 0.3690432318 1.8230390701 1.0584275472
H -2.0971453052 -0.6367967175 -0.5308070155
H 1.3789740683 -2.7900083273 0.305280678
-6.432774960000001 0.17959524000000002

dsgdb9nsd_000194
N 0.1369871027 1.4094899029 0.1334153222
C -0.021138292 0.0079430079 0.0397793482
C -1.1207967775 -0.8211858867 -0.0128278109
C -0.6411619631 -2.1634272155 -0.0381640563
C 0.731277805 -2.1139361333 -0.0102754921
N 1.0968025565 -0.7889476971 0.0425749733
H 0.2775428415 1.8404775669 -0.7765962167
H -0.6887908669 1.8318514135 0.540514409
H -2.1504794295 -0.4979575424 -0.0442498676
H -1.2394004026 -3.0606003292 -0.0850879417
H 1.4733431851 -2.8954180062 -0.0254361687
H 2.0300430107 -0.4317906308 0.1523906813
-5.034109 1.51295384

dsgdb9nsd_000195
N 0.0858048027 1.3721077925 0.1782977321
C -0.0669354776 -0.0026083729 0.0522043128
C -1.1488933755 -0.8314009072 0.0026994357
C -0.6113298894 -2.1649097249 -0.0271532828
C 0.7359948569 -2.0439149265 0.0006541485
O 1.0848604964 -0.7129665788 0.0523979422
H 0.9273441168 1.7109274719 -0.2710933093
H -0.7220473758 1.8836401313 -0.1487347053
H -2.1861088501 -0.5382827181 -0.0104121231
H -1.1692446499 -3.0875084325 -0.0694905217
H 1.5594150655 -2.7364409748 -0.0105854791
-5.01778216 1.08029258

dsgdb9nsd_000196
N 0.1019390283 1.3792594853 0.1861357863
C -0.0518325876 0.0107534698 0.0473779884
C -1.1058733474 -0.8458485657 -0.0263346487
N -0.617598452 -2.1518690151 -0.0507354907
C 0.6606812456 -2.0232161092 0.0003334688
O 1.092678363 -0.7251568608 0.0664700047
H 0.9127962902 1.739420774 -0.3014955461
H -0.7290636718 1.8923386382 -0.073544906
H -2.1599787359 -0.6261120959 -0.0626426722
H 1.4263675677 -2.7813337506 -0.0075398545
-5.57561586 0.54967028

dsgdb9nsd_000198
O 0.1106674362 1.3395310627 0.2117186716
C 0.0727192679 -0.002051831 -0.0016206979
C 0.0809254075 -0.7825799411 -1.132474306
C 0.021885838 -2.1405474845 -0.6837340765
C -0.0189381249 -2.1334491607 0.6851731918
N 0.0127612596 -0.8110841892 1.094399189
H 0.1541019244 1.7775710341 -0.6432123238
H 0.1234033203 -0.4304291157 -2.1514928314
H 0.01144585 -3.0182800805 -1.3113149004
H -0.0672442296 -2.9323970326 1.4058183179
H -0.0047650993 -0.4750871014 2.0411111357
-4.9361479600000004 1.7279239000000002

dsgdb9nsd_000199
O 0.114461491 1.350119905 0.2152030541
C 0.07332918 0.0129344505 0.0032687066
C 0.0776309623 -0.8015496878 -1.0981976451
N 0.0184319312 -2.1238248043 -0.6969565349
C -0.0205120527 -2.1011226968 0.6089495301
N 0.0108864053 -0.8149840425 1.0932893989
H 0.157457086 1.7926474026 -0.6379727847
H 0.119164693 -0.5214360219 -2.1394911247
H -0.0709681805 -2.9568779431 1.2645592403
H -0.0073527155 -0.5110280517 2.0524576694
-5.50214508 1.21907072

dsgdb9nsd_000200
O 0.1115516646 1.31437064 0.1706596492
C 0.074738425 -0.021755286 0.0256779697
N 0.1056148394 -0.6922873571 -1.0935581052
C 0.0437852446 -2.021714386 -0.7014996734
C -0.0240030095 -2.1275438141 0.6556390053
N -0.0028514919 -0.8158043987 1.1222484845
H 0.165528295 1.6779540998 -0.7220664542
H 0.0522997421 -2.8169097812 -1.4304333599
H -0.0832076586 -2.9670812219 1.3267600717
H -0.0380005709 -0.5033775748 2.0770347323
-5.5810581400000006 1.3741757

dsgdb9nsd_000201
C -0.0185285333 1.5208244052 0.0156134847
C 0.002800672 0.0214744592 0.0139058472
C -0.0583896166 -0.7971608466 -1.0917423837
N -0.0115217112 -2.1024565429 -0.6655548485
C 0.0790839808 -2.1368142711 0.7017537466
C 0.0901296459 -0.8380394 1.1513949498
H 0.8879312218 1.9407809128 0.4676101021
H -0.091265628 1.9157137458 -1.0021872551
H -0.8694191691 1.9156454867 0.5834484269
H -0.1309840756 -0.5556727798 -2.1406195342
H -0.0398971601 -2.9077221205 -1.2647611623
H 0.1275686534 -3.0738703161 1.2329857804
H 0.15382608 -0.5279811927 2.1839805562
-5.39329948 1.45036762

dsgdb9nsd_000202
C 0.0124243057 1.4993421387 0.037420275
C 0.0277784975 0.0065666317 -0.0288981041
C -0.1409468436 -0.8036621126 -1.1226441398
N -0.0387001948 -2.0954273674 -0.6485884606
C 0.184178601 -2.011215083 0.6920029293
N 0.2302272436 -0.7648823277 1.0990242066
H 0.9626545896 1.8865050452 0.4207498428
H -0.1605571392 1.9359461193 -0.9500893396
H -0.7740553877 1.8557245343 0.7113701151
H -0.3188525548 -0.5915778791 -2.1638940933
H -0.1149362584 -2.937629953 -1.1929350096
H 0.303455901 -2.8872016464 1.3123989982
-5.86949898 1.02314864

dsgdb9nsd_000203
C -0.0177756804 1.5234060237 0.0135854756
C 0.0011479748 0.026366108 0.01460421
C -0.0630406732 -0.8021104203 -1.0621482286
O -0.0207762048 -2.1087962365 -0.6812714439
C 0.0739299007 -2.1150006969 0.6733440659
C 0.0918208962 -0.8468664841 1.1559028116
H 0.8928608122 1.9371163369 0.4615681828
H -0.0960512719 1.9167285392 -1.0037741692
H -0.8647995927 1.9149933794 0.5882908152
H -0.1390274462 -0.6254737668 -2.1227182304
H 0.1181438746 -3.0876505672 1.1349571678
H 0.1604480807 -0.5552639754 2.192886593
-5.94024862 0.680285

dsgdb9nsd_000204
C -0.0115450038 1.5002632076 0.0434035852
C 0.0026838551 0.0110236792 -0.0272936283
C -0.0774680933 -0.8100816436 -1.102477516
O -0.0226615477 -2.1069819008 -0.6642472285
C 0.0896683237 -1.9935324196 0.6764717629
N 0.1107441581 -0.7806298966 1.1186867263
H 0.9068365528 1.8773315888 0.5052723796
H -0.1019742959 1.9406459979 -0.9528066151
H -0.8489191874 1.8534988807 0.6541083353
H -0.1696517169 -0.6658941423 -2.1650236938
H 0.1497966653 -2.9130275314 1.2375538624
-6.5171303 0.20136436000000002

dsgdb9nsd_000206
N 0.0102841645 1.4041916096 0.1684985716
C -0.0421263159 0.0113203294 0.0553080328
C -1.1373394933 -0.8203479281 0.0295734382
N -0.6055163733 -2.1012380937 -0.0197703003
C 0.7433128076 -1.9806452063 -0.0179024221
N 1.1203069845 -0.7193450038 0.0237846745
H 0.9205924262 1.7455508691 -0.1126292382
H -0.7157318845 1.8788789611 -0.3511006408
H -2.1979654564 -0.639551745 0.0503494911
H -1.1305669031 -2.9579120282 -0.0526919344
H 1.4031221038 -2.8343855042 -0.0503555824
-5.031387860000001 1.0639657400000002

dsgdb9nsd_000208
N 0.0265395295 1.3980323151 0.1701694311
C -0.0415200514 0.0156041579 0.0513454989
C -1.1083719027 -0.8278334395 0.0049677536
O -0.6139884259 -2.1160342644 -0.0396738566
C 0.7174499569 -1.9621587808 -0.0176955506
N 1.1270964503 -0.7348721792 0.034549282
H 0.9154754344 1.754464029 -0.153920927
H -0.743111431 1.8912146971 -0.2596515704
H -2.1774626146 -0.7188263642 0.0011518368
H 1.3157119945 -2.8593063411 -0.0469718877
-5.59738498 0.29116198

dsgdb9nsd_000210
O 0.1095254935 1.3546351369 -0.0671735928
C 0.0693130035 0.0040467256 -0.0758852208
C -0.0253600056 -0.8125716012 -1.1735584308
N -0.0286606112 -2.0932810429 -0.6396215803
C 0.0615787438 -1.9795347921 0.7067952826
N 0.1228039308 -0.7163216331 1.0829174506
H 0.1767406149 1.6125147771 0.8601282827
H -0.0876415553 -0.6183265456 -2.2289102191
H -0.0876271081 -2.9494081987 -1.1636024267
H 0.0788557637 -2.835030516 1.3643031146
-5.45860684 0.8571591000000001

dsgdb9nsd_000211
O 0.1162976117 1.3505544181 -0.0681299079
C 0.0681953682 0.0068946175 -0.079379807
C -0.0386930933 -0.8264088611 -1.1453532167
O -0.0475743826 -2.1104085268 -0.6437639835
C 0.0547229829 -1.9595592046 0.6845456549
N 0.1272247774 -0.7290683936 1.0880960918
H 0.1929395089 1.6166283776 0.8562745527
H -0.1119867448 -0.7082467877 -2.2097918075
H 0.0666945218 -2.8566078395 1.2829652131
-6.100795880000001 0.0272114

dsgdb9nsd_000212
C 2.1997e-6 1.4462618059 0.0098312216
N -0.0395853465 -0.0001481182 0.0022628164
C -0.0102031441 -0.7914294915 -1.1197711939
C 0.0424480479 -2.1071237431 -0.7205292439
C 0.051416093 -2.1148079393 0.7011850782
C 0.0029673515 -0.8035395846 1.1152367693
H 1.027926131 1.828132226 0.0028554018
H -0.5211791052 1.8337374247 -0.8690329378
H -0.5054481987 1.8237838058 0.9020802045
H -0.0304306812 -0.3464381728 -2.1023011685
H 0.0571095205 -2.9656370805 -1.3743309873
H 0.0741869784 -2.9803348886 1.3454340259
H -0.0055890963 -0.3691945839 2.1026885337
-5.45860684 1.25988782

dsgdb9nsd_000213
C -0.0141782594 1.4575786713 0.0017515687
N 0.0021166586 0.0093967346 -0.0167835933
C 0.0752783729 -0.801785185 -1.1288067384
C 0.0638290665 -2.0858022412 -0.650381699
N -0.0151015133 -2.0902335498 0.7223979892
C -0.0500067697 -0.8224965174 1.0637077921
H 0.9022178253 1.8659744796 -0.4355594001
H -0.8732586838 1.8466737161 -0.5534367909
H -0.0867071451 1.7976701241 1.0365284397
H 0.1272081465 -0.3915670357 -2.1241244884
H 0.1072539861 -3.0046205724 -1.2153984845
H -0.1125142044 -0.4359262641 2.0708923349
-6.03004624 0.8816493599999999

dsgdb9nsd_000214
C -0.0263621144 1.3835086344 0.0103870267
C 1.1708019283 2.0965810056 0.0023045827
C 2.3868915311 1.4163752988 -0.0131380362
C 2.4057296503 0.0230978461 -0.0205116117
C 1.2085609122 -0.6899726756 -0.0124063764
C -0.0075247651 -0.0097718365 0.0030452239
H -0.9733414726 1.9132329519 0.0224498095
H 1.1560436477 3.1816075197 0.0080224004
H 3.3191394577 1.9717268815 -0.0194567412
H 3.3527113702 -0.5066219591 -0.0325112361
H 1.223326423 -1.7750001478 -0.0181456652
H -0.9397757183 -0.565118069 0.0093265237
-6.7348215 0.07891306

dsgdb9nsd_000215
C -0.0294202895 1.3896640834 0.0104285645
C 1.1839009072 2.0699904425 0.0022445846
C 2.3604497801 1.3256760543 -0.0136579488
N 2.393610287 -0.0099666862 -0.0215520597
C 1.2200579139 -0.648568116 -0.0135259495
C -0.0125339478 -0.0012748579 0.0023764114
H -0.9689982083 1.9323926418 0.022833352
H 1.2218066594 3.1536779075 0.0080144952
H 3.3259353677 1.8261124856 -0.0203835107
H 1.2689447457 -1.734942747 -0.0201755077
H -0.9323305154 -0.575546468 0.0082555288
-6.851830520000001 -0.6122565

dsgdb9nsd_000217
C -0.0298372799 1.3893259533 0.0104000131
C 1.1949381548 2.0465998247 0.0019228846
N 2.3582089196 1.3905738845 -0.0131446522
C 2.2723677814 0.0590437614 -0.0195851237
N 1.1616238212 -0.6802639056 -0.0127033272
C 0.0123389107 -0.0000281834 0.0023583282
H -0.9679593093 1.9314062752 0.0226300754
H 1.2503769018 3.1330687153 0.0073287004
H 3.2140534195 -0.4850894231 -0.0318815051
H -0.9012695497 -0.5906237222 0.0081220964
-6.88720534 -1.1292731

dsgdb9nsd_000218
C 0.0110446887 1.3030501752 0.0096497371
N 1.1195004151 2.0448531978 0.0027107157
C 2.2476867307 1.3335065257 -0.0123123633
N 2.3358600721 0.0026568459 -0.020420715
C 1.1556667969 -0.6187299163 -0.0121192432
N -0.040955393 -0.0297172832 0.0029152474
H -0.9383074071 1.8340991018 0.0219242032
H 3.1822701244 1.8902337729 -0.0185330372
H 1.1704112521 -1.7064618198 -0.0181772047
-7.53211552 -1.50751156

dsgdb9nsd_000220
C -0.0121991036 1.5431716228 -0.001244227
C -0.0022354504 -0.0012182746 0.0094547788
C 0.7595349857 -0.5229994733 1.2475926312
C -1.4474108318 -0.5460417031 0.0008634562
C 0.6875638051 -0.4761479831 -1.2029397099
N 1.2288478018 -0.8486627353 -2.1541181017
H 1.0047579123 1.9442407332 -0.0089821031
H -0.5385358221 1.9274017382 -0.8790008467
H -0.5214813682 1.9104123818 0.8952374276
H 0.258362853 -0.1757758864 2.1564850489
H 0.7848589084 -1.6157838432 1.2633951482
H 1.7893287805 -0.156305452 1.2599364784
H -1.9958336759 -0.1947552836 -0.8771496984
H -1.4561742392 -1.6391990553 -0.0046847366
H -1.9720783756 -0.2006672461 0.897124744
-8.58791784 1.19185932

dsgdb9nsd_000221
C -0.0302820107 1.5378655296 0.0016375561
C -0.0008413784 -0.0001622876 0.0124221714
C 0.7435365011 -0.5252770462 1.2520297336
N -1.3839489233 -0.4920065964 0.0568684808
C 0.7047179835 -0.4750268618 -1.2076008124
N 1.2144649678 -0.8663154244 -2.1694214505
H 0.9826093459 1.9475186312 -0.0076900481
H -0.5567438524 1.9118210407 -0.8814389019
H -0.5548225434 1.8870846648 0.8944489902
H 0.2214331285 -0.1824110955 2.1487187377
H 0.7674756115 -1.6189943529 1.2585015376
H 1.7740606173 -0.1626362934 1.2711171916
H -1.8904688458 -0.1825032691 -0.7683201915
H -1.3932100915 -1.5082403191 0.0350929053
-7.279049500000001 0.9496778600000001

dsgdb9nsd_000223
C -0.0305343196 1.5461464705 0.0014138558
C -0.0107016464 0.0075301469 0.0288814389
C 0.745373417 -0.530866633 1.2564701488
O -1.3349727745 -0.5176464445 -0.0215420163
C 0.6520776688 -0.4862166937 -1.1980904166
N 1.21068643 -0.8482798084 -2.1415901567
H 0.9820352346 1.9560930166 -0.0403203196
H -0.592806834 1.8989903326 -0.8654093932
H -0.5135991938 1.9175490775 0.9118411593
H 0.2631082619 -0.1618436034 2.1682932647
H 0.7227786572 -1.6224162559 1.2624090161
H 1.7861671906 -0.1964626496 1.2604997048
H -1.7923651318 -0.2104882857 0.769405794
-7.975661340000001 0.5877662400000001

dsgdb9nsd_000224
C -0.0249013523 1.5717842481 0.0242701786
C -0.0023538054 0.0404680742 0.0129760867
C 0.7586720771 -0.5155235229 1.2355890796
C -1.4332433448 -0.5385906002 -0.0084294753
C 0.7092697218 -0.4752591541 -1.2315657783
O 1.1934301482 0.2049251807 -2.0982070582
H 0.9897436959 1.9788314125 0.0141921093
H -0.5424214023 1.96268503 -0.8558708172
H -0.536734414 1.9409753161 0.9188050286
H 0.2358169174 -0.2441199614 2.1583942025
H 0.8290418877 -1.6083694943 1.201977486
H 1.7743263271 -0.1109926687 1.2897452366
H -2.0068454199 -0.1505416532 -0.856085145
H -1.4230464057 -1.6320504901 -0.0765029351
H -1.9616490644 -0.2674936048 0.91129576
H 0.7538692536 -1.5902054919 -1.2887604688
-6.7212158 -0.48708406

dsgdb9nsd_000225
C -0.208339281 1.5620154634 0.0164116384
C -0.0498478262 0.0313967451 0.0154456713
C 0.8696933976 -0.4432071857 1.1459160896
O -1.3203811245 -0.6133115483 0.0604507652
C 0.5320183235 -0.3788790199 -1.3392662658
O 1.6799898896 -0.2105876855 -1.6560592994
H 0.7608066329 2.04988887 -0.1174169287
H -0.8784697226 1.8808147088 -0.7872092135
H -0.6338933401 1.8937722874 0.9705305027
H 0.5122768108 -0.0721180109 2.1128022906
H 0.8934456256 -1.5357195593 1.1806634314
H 1.8861496266 -0.0763553552 0.9841249665
H -1.7575958732 -0.3555626427 0.8782413182
H -0.2168605792 -0.835317057 -2.0230236165
-6.865436220000001 -0.70205412

dsgdb9nsd_000226
C -0.0080850179 1.543405236 0.0111898546
C 0.0190556525 0.0044059346 0.0053428022
C 0.7596279211 -0.5106496068 1.2525518293
C -1.4178449326 -0.5433445881 -0.0123492516
C 0.7354341368 -0.492537647 -1.2599818905
O 2.0686360224 -0.0004929599 -1.2688453659
H 1.0056791192 1.9493666518 -0.0230446085
H -0.5562305033 1.9307968637 -0.8553770295
H -0.5013847179 1.9198974369 0.9136434494
H 0.2741006048 -0.1545981099 2.1674298665
H 0.7656865768 -1.606345185 1.2823750263
H 1.7971490374 -0.1682490751 1.2565817446
H -1.9690038065 -0.1945976415 -0.893133311
H -1.4290381145 -1.6392453464 -0.020212659
H -1.9675390354 -0.2125905207 0.8750683941
H 0.724086076 -1.5948601356 -1.2736990213
H 0.1833676349 -0.145696473 -2.149013508
H 2.5029696161 -0.3202562139 -2.0641956316
-7.1783673199999996 1.9728265

dsgdb9nsd_000227
C -0.0229371371 1.5507442153 0.0200417094
C 0.0332807549 0.0186038165 0.0202046907
C 0.7485072128 -0.5134539483 1.2675962434
O -1.2859715519 -0.5304047969 -0.0722391608
C 0.7157060889 -0.4960373752 -1.2533382211
O 2.0504215999 -0.0132491805 -1.2774644666
H 0.9824993116 1.9749727784 -0.0362850322
H -0.6014552312 1.9053144539 -0.8382240119
H -0.5021304435 1.920909825 0.9338741093
H 0.2670450315 -0.1400183482 2.1789010566
H 0.7119687856 -1.6068028955 1.283944404
H 1.7946802174 -0.1980832857 1.2782083998
H -1.7757384841 -0.2425955729 0.7048607595
H 0.6804666669 -1.5954658976 -1.2472401413
H 0.1401205137 -0.1455734151 -2.122743293
H 2.4724180746 -0.3363552932 -2.077888056
-7.1266656600000005 1.97826878

dsgdb9nsd_000228
C 0.1247685424 1.5669892396 0.0090388275
C -0.0267727597 0.0415590449 0.0026711786
C -1.4715477239 -0.5195873415 0.0134002916
C -2.2475336769 -0.0593265313 -1.2344670663
C -1.3818748124 -2.0574256223 0.0041270043
C -2.2235617518 -0.0730946651 1.2807944384
H 1.1841404231 1.843010063 0.0003847402
H -0.3383611983 2.0291585679 -0.8681930522
H -0.3215611204 2.0201121364 0.8995943927
H 0.487871148 -0.3604919486 -0.8803852952
H 0.5044144191 -0.3694892394 0.8716780721
H -1.7244559725 -0.3461335779 -2.1538769728
H -3.2429497394 -0.5160899046 -1.2624513841
H -2.3850764919 1.0261504657 -1.251689889
H -0.840498088 -2.4281640492 0.8818377418
H -2.3790247839 -2.511434332 0.0110957465
H -0.857281364 -2.4184707083 -0.887703566
H -2.3608118241 1.0120920207 1.312430724
H -3.2182376917 -0.5303923551 1.322830612
H -1.6829980739 -0.3697318728 2.1868744859
-8.24777534 2.03541272

dsgdb9nsd_000229
C 0.0249797386 1.5606213222 0.122650479
C -0.0050472486 0.0383155657 -0.0404581766
C 0.6927753483 -0.4977384635 -1.3046824298
C 0.6570643108 -2.033199754 -1.3049925316
C 0.0627844553 0.0502150258 -2.5939766183
O 2.0525217889 -0.0521137255 -1.2019741794
H 1.0508510413 1.9316167624 0.0609002685
H -0.5665419049 2.0682604083 -0.6457250913
H -0.3868320407 1.8499108631 1.0945089549
H 0.4889363494 -0.424106085 0.8222588907
H -1.0408033369 -0.3220897676 -0.0386231448
H -0.3705828988 -2.4103643745 -1.3350858537
H 1.1825515101 -2.4335834166 -2.180273068
H 1.1451451279 -2.4239016028 -0.4075417867
H 0.1571053257 1.1374260993 -2.6443131004
H 0.5636383758 -0.3726983364 -3.4731710607
H -0.9983622281 -0.2113855322 -2.6626285521
H 2.5196301561 -0.3497105588 -1.9895949099
-7.07768514 1.79051012

dsgdb9nsd_000231
C -0.0361934728 1.4510268846 -0.1028528083
C -0.0108935445 -0.001128468 -0.0716195005
C 0.0288727984 -1.2072740491 -0.0480496371
C 0.0747684802 -2.656937754 -0.0193741241
C -1.2652503967 -3.3468910966 0.1437126947
O 1.1192733816 -3.2653646782 -0.1198277786
H 0.5660400875 1.8661093755 0.7126486394
H 0.3826555563 1.8245897694 -1.043658164
H -1.0547663028 1.8404573814 -0.0058839325
H -1.7439539519 -3.0230120579 1.0742052025
H -1.9357208571 -3.0639560027 -0.6750010829
H -1.1216952882 -4.4283433544 0.1532737314
-6.88992648 -1.2217918600000002

dsgdb9nsd_000232
C -0.0265473384 1.4639863969 0.0118950618
C -0.020646577 0.0106404101 -0.0007498496
C -0.0072461209 -1.1944501036 -0.011836653
C 0.0843234665 -2.647043004 -0.0234761047
N -1.1291601387 -3.2744871362 -0.0326279412
O 1.1434520934 -3.2444116472 -0.0328198614
H 0.9930620321 1.8629474533 0.0182058884
H -0.5392407798 1.8619095697 -0.870520516
H -0.5442661497 1.8468904948 0.8980312276
H -1.9887560353 -2.7591393455 0.0356977045
H -1.1459014921 -4.2803187582 0.0057847235
-6.80829228 -0.4353824

dsgdb9nsd_000235
C 0.8785032086 0.6283578989 0.1082340813
C -0.5240120416 0.0638556889 0.1292536183
O -1.3922158219 0.4831739357 0.8532742243
C -0.8461575478 -1.072188161 -0.8682077572
C 0.2344556057 -2.0103830399 -1.1286507801
C 1.1316612177 -2.7845130816 -1.329511573
H 1.5885242476 -0.1357159452 0.4406015424
H 1.1699952915 0.897974131 -0.9128454856
H 0.9339126806 1.4999477234 0.7606868067
H -1.7389636969 -1.5823002866 -0.4942755139
H -1.1404385195 -0.5780561034 -1.8062674924
H 1.9198303061 -3.4728749002 -1.5103988209
-6.6940044 -0.5034109

dsgdb9nsd_000236
C -0.0644949335 1.5087702667 0.0113442202
C 0.0995197541 0.0026494272 0.0013782867
O 1.1680306037 -0.547740858 -0.0118424026
C -1.2263417143 -0.7886955634 0.0092134753
C -1.0474764868 -2.2346110652 -0.0002335291
N -0.9303005437 -3.3829338242 -0.007486356
H 0.9171636768 1.9824015655 0.0051989617
H -0.6384524548 1.8374408241 -0.862401073
H -0.6227615925 1.8276076192 0.8987792406
H -1.8091818082 -0.4947619413 0.8911520203
H -1.8250022107 -0.4853100005 -0.8588309941
-7.455923600000001 -1.0068218

dsgdb9nsd_000237
N -0.0882742454 1.3355191279 0.1563521701
C 0.0856954302 0.0213996892 -0.1771222711
O 1.1536948732 -0.4405819145 -0.5060807633
C -1.2256988211 -0.7925898821 -0.1649864692
C -1.0212437126 -2.21964928 0.0153767644
C -0.8764692822 -3.4008185309 0.1721302164
H 0.7314312076 1.9191642376 0.1974629326
H -0.9396389084 1.6795404024 0.5641041265
H -1.9039939076 -0.4063233206 0.606157077
H -1.7222325653 -0.6027632631 -1.1266303002
H -0.7319970883 -4.4438627959 0.3075413967
-6.79740772 0.6639581600000001

dsgdb9nsd_000238
N -0.0760842279 1.3398654342 -0.0726555085
C 0.0915155526 -0.0000844202 0.1086374322
O 1.1627077978 -0.5243790142 0.3005888727
C -1.2380829382 -0.7858674199 0.1008744726
C -1.0452297812 -2.2156432705 -0.1035166337
N -0.9345910813 -3.351860197 -0.2735298822
H 0.7467810826 1.9202780374 -0.0840490784
H -0.9590405591 1.7529160228 -0.3158744486
H -1.7331970706 -0.6256560448 1.0665319221
H -1.9164666247 -0.4007100678 -0.6685858783
-7.45864474 0.13877814000000002

dsgdb9nsd_000239
C -0.8940894156 0.616998071 0.1563961732
C 0.421882253 -0.0892395156 0.3451629184
N 1.3587989445 0.2254065807 1.1494719361
N 0.6696463115 -1.2272389327 -0.4418171089
C -0.1118299911 -1.831830056 -1.3942324151
O -1.2128547172 -1.4852294233 -1.7538239929
H -1.0137362333 0.9538274171 -0.8759795982
H -1.7320568385 -0.0556817483 0.3535127504
H -0.9430852438 1.4740152627 0.8313998887
H 1.1062489333 1.0555972675 1.6825566942
H 1.5733915357 -1.6406108224 -0.2529991409
H 0.4066101114 -2.7152885807 -1.8150361351
-7.10489654 -0.48164178

dsgdb9nsd_000240
C -0.0900440871 1.4363699224 -0.0670866313
C 0.1542527159 -0.0355556972 0.1047506364
N 0.5324139089 -0.6779501359 1.1240239974
O -0.0820694347 -0.6783387209 -1.0935793222
C -0.170093804 -2.0503551882 -1.1248846514
O -0.2890430696 -2.6226210716 -2.1623222018
H 0.1208077434 1.9772471204 0.8565263896
H 0.5432131404 1.8275062079 -0.869167737
H -1.1289291621 1.6120387428 -0.3628684685
H 0.6557536839 -0.055064282 1.918886668
H -0.130319965 -2.4990136174 -0.1253089291
-7.40966422 -0.68300614

dsgdb9nsd_000241
C 0.3225777668 1.4304263841 -0.0922944844
C -0.3002335824 0.0671667815 0.1116940418
O -0.5652267088 -0.3802184951 1.2028567809
C -0.5740198132 -0.7603812015 -1.1482441393
C 0.0320482589 -2.1519002419 -1.025271145
O 0.639253184 -2.6971967565 -1.9074994001
H 1.2872642933 1.3271373671 -0.6031420663
H -0.3128958085 2.0429605167 -0.7423246233
H 0.4617675018 1.9274500103 0.8682826449
H -1.6635005322 -0.8919970928 -1.2049406139
H -0.2293008086 -0.2876329207 -2.0698014258
H -0.1347613911 -2.6262836014 -0.0366112796
-6.816455700000001 -1.03675434

dsgdb9nsd_000242
C -0.1313610628 1.5448437634 0.0123633891
C 0.1871513507 0.0545336684 0.0008407818
O 1.3074720106 -0.3860878842 -0.0127861493
N -0.9666575216 -0.7368183474 0.0077878383
C -1.084925202 -2.1252662712 0.0010753154
N -0.1095038556 -2.9328352446 -0.0122823771
H 0.8067772216 2.0979689343 0.0071126944
H -0.7221135861 1.827286561 -0.865822658
H -0.7063150437 1.817126382 0.9041300941
H -1.8419472836 -0.2379085892 0.0190806361
H -2.1454378382 -2.4111770358 0.0092199164
H -0.4608145993 -3.8893672568 -0.0144054111
-6.52257258 -0.31020996

dsgdb9nsd_000243
C -0.0117024135 1.5406295138 -0.0622483041
C -0.0262207852 0.0374078102 0.1659024986
O -0.0925050695 -0.4777585769 1.2498065622
N 0.0489958611 -0.6938516007 -1.0358432901
C 0.0614720786 -2.0769532621 -1.2001423424
O 0.009451128 -2.9035706566 -0.3336996281
H 0.908167985 1.8488212355 -0.5708729173
H -0.8576979015 1.8489248941 -0.6859866927
H -0.0745421561 2.0391846565 0.9039579644
H 0.1012365975 -0.1581045414 -1.8901725168
H 0.1281999957 -2.3274673623 -2.2795691436
-6.83278254 -0.81089972

dsgdb9nsd_000244
C -0.0145669978 1.4531915787 -0.0829279363
C -0.1447852681 -0.0358898813 0.0804682411
O -0.439195333 -0.6219862025 1.0847025385
O 0.1285314108 -0.6573574918 -1.1178966897
C 0.0596396438 -2.0279301489 -1.1646853748
N 0.3098640009 -2.5916162957 -2.2606704045
H 0.9970420859 1.7024327417 -0.4157292196
H -0.7039427555 1.8028577936 -0.8567220844
H -0.2313745775 1.9436398513 0.8648816751
H -0.2142123111 -2.471968157 -0.2075625709
H 0.2228947818 -3.601561688 -2.1551895744
-7.53211552 -0.6394679

dsgdb9nsd_000246
N -0.0326415745 1.2880842388 0.2499740751
C 0.0159951513 0.0353029395 -0.2798572996
O 0.992208316 -0.4083960604 -0.8518943388
C -1.2523385461 -0.7991658889 -0.1047144915
C -0.917060946 -2.171816289 0.4613725475
O -1.5802118499 -2.7282899614 1.2959142241
H 0.7896305801 1.8659933442 0.1830994852
H -0.8258385532 1.6288195326 0.763044276
H -2.0258458686 -0.3321333754 0.5090983036
H -1.6584812479 -0.9603580957 -1.1123372529
H -0.0011102212 -2.6220279543 0.0288691313
-6.80829228 -0.75647692

dsgdb9nsd_000247
N -0.1557751057 1.3813635039 -0.0862621912
C 0.1795452363 0.0305142073 -0.0147657383
O 1.3125311404 -0.3708713887 0.0564007595
N -0.9700145861 -0.7744989619 0.0339927446
C -1.0479648902 -2.1625501724 0.0026474195
N -0.0818379123 -2.9332642801 -0.2734104313
H 0.6525596041 1.9600639668 -0.2612870531
H -0.9623114342 1.6367385393 -0.6372449843
H -1.8334408677 -0.300271792 0.2432861511
H -2.0723159705 -2.4850843965 0.2326925505
H -0.3967882839 -3.9012099558 -0.236058877
-6.64774502 0.11428788

dsgdb9nsd_000248
N -0.129779191 1.4037291626 0.1052885032
C 0.1384630557 0.0439490492 0.1015292807
O 1.2450747098 -0.4243297446 0.1571271472
N -1.0524984975 -0.7178278417 0.0928848221
C -1.1635888109 -2.0939635759 -0.0583736217
O -0.2798163111 -2.8656519175 -0.3056596605
H 0.6987006908 1.9653291316 -0.0229545225
H -0.9429286322 1.7402730718 -0.3878579827
H -1.9123378264 -0.2309595446 0.2982550017
H -2.2230108572 -2.3996960009 0.0693936925
-6.933464720000001 -0.34830592000000005

dsgdb9nsd_000250
C 0.0324075417 1.5597651675 0.0173503882
C 0.0165327393 0.0274410148 0.0305054658
C 0.7401306193 -0.5295158287 1.2618054783
C -1.4291837338 -0.5260272859 -0.0298377316
C -2.1505122569 -0.1629995548 -1.2436891238
C -2.726220274 0.139262088 -2.2551761211
H 1.0589579093 1.9399387642 0.0096348267
H -0.4845464252 1.9534338078 -0.8620306386
H -0.464366326 1.9623774373 0.9087359643
H 0.5364722319 -0.3291892511 -0.8679611487
H 0.242819125 -0.2118700025 2.1862800077
H 0.7634809319 -1.6244926985 1.2541585815
H 1.7738173614 -0.1720416972 1.3033542233
H -1.3996184762 -1.6199713974 0.0562607039
H -1.9858455552 -0.1676037942 0.8474974509
H -3.2444660827 0.4018884507 -3.143725307
-7.047752600000001 1.5047904200000002

dsgdb9nsd_000252
C -0.0510329879 0.8585190417 -0.6570733655
C 0.1735654541 -0.1176842759 0.4948389266
O 0.4817730526 0.5582319236 1.7088678519
C -1.0766628465 -0.9567731322 0.8169453129
C -1.4671535903 -1.8520271882 -0.2626853359
C -1.7734788173 -2.5885589416 -1.1620435066
H 0.8616473624 1.4283392582 -0.8663605064
H -0.3309602875 0.3242823368 -1.5691708023
H -0.8473713644 1.5666080976 -0.4048609691
H 0.9866987629 -0.8109768831 0.2271174003
H 1.2132288457 1.1591198416 1.5367446398
H -0.8691026062 -1.5318373416 1.7266823629
H -1.8991439089 -0.2730335033 1.0623741414
H -2.0524421088 -3.2427905937 -1.9503464601
-7.13482908 1.4830213

dsgdb9nsd_000254
C -0.0289980368 1.4584010164 0.0147743297
N 0.0114837512 0.0037052842 0.0269856689
C 0.8074602146 -0.5110386521 1.1340455152
C -1.3335090286 -0.5512292055 0.0055105946
C -1.3320391858 -2.0013337995 -0.2248790535
N -1.3450459785 -3.1436706622 -0.3948419183
H 0.9919363383 1.8468135818 -0.0340947704
H -0.5690262701 1.8104768499 -0.8697672231
H -0.514998229 1.8898376121 0.9107524475
H 0.4006609184 -0.2303228174 2.1241435399
H 0.8594621 -1.6016060108 1.0807876696
H 1.824717701 -0.1171792986 1.0597768465
H -1.9013535553 -0.3579537714 0.9379949743
H -1.8974052294 -0.0820437368 -0.808639041
-6.4518229400000005 0.59048738

dsgdb9nsd_000256
C -0.0319707825 1.3937983561 -0.1777662111
C 0.0625537681 -0.0951037745 0.1737436435
C 0.8046692938 -0.3314976984 1.4938784411
N -1.2671971379 -0.701241677 0.2135887741
C -1.6680579382 -1.7007622736 -0.6156115707
O -0.9911052544 -2.213815221 -1.4821638606
H 0.9659695768 1.8374982782 -0.2482828705
H -0.5409757312 1.5363392052 -1.1347629611
H -0.5868520616 1.9458561941 0.5905926574
H 0.5811797173 -0.6231881491 -0.630813066
H 0.8829936366 -1.4002363368 1.7104620839
H 1.81516875 0.0863049694 1.4484222979
H 0.2839961647 0.1500317858 2.3305769255
H -1.9281793691 -0.360420757 0.8951926323
H -2.7135521427 -2.0072725915 -0.4088348258
-6.75931176 0.94695672

dsgdb9nsd_000257
C -0.0007638802 1.6780080577 0.068075515
C -0.0547750709 0.1579174662 -0.0296570751
C 0.6139818731 -0.5489844899 1.1434506376
O -1.444284256 -0.2390595969 -0.0572448857
C -1.9101991634 -0.887460323 -1.1366903534
O -3.0440818383 -1.2499157517 -1.2394250741
H 1.0382024455 2.0199472654 0.0951592186
H -0.4953440081 2.1410882095 -0.7900827725
H -0.501792057 2.0192073266 0.9787752841
H 0.4140471311 -0.1664161069 -0.9692936174
H 0.1299775713 -0.2682191178 2.0835187941
H 0.5466078984 -1.6347172309 1.0333474144
H 1.6707672553 -0.2715624623 1.2012986258
H -1.1333259409 -1.0462492661 -1.9116585113
-7.47769272 0.3129311

dsgdb9nsd_000258
C -0.0835065433 1.5616643219 0.0500555713
C -0.062258645 0.0346006666 0.0233059693
O 0.2031862938 -0.4656136341 -1.2841721282
C 0.9302754427 -0.5480077831 1.048959853
C 0.8883867402 -2.0608318321 1.1067289887
O 0.863275562 -2.700383168 2.1277913836
H 0.9131809578 1.967165511 -0.1660490733
H -0.7800386554 1.9410123718 -0.7024748327
H -0.3895277727 1.9379399332 1.0310337864
H -1.0672493142 -0.3385010498 0.2556617264
H 1.0208646322 -0.0597492421 -1.5941828797
H 1.9478496592 -0.2507202844 0.75006168
H 0.7520160119 -0.1542096924 2.0540651922
H 0.8800665309 -2.5559481984 0.1124439431
-6.631418180000001 -0.5551125600000001

dsgdb9nsd_000259
C -0.1280303297 1.4935127309 0.1152492992
N 0.0221423766 0.0467336835 0.0396647672
C 0.7633586657 -0.4773332693 1.1763648554
C -1.2522907835 -0.6189283571 -0.1558113118
C -1.786394207 -0.3959123562 -1.5625873299
O -2.9525929871 -0.3787895315 -1.855719202
H 0.8580786684 1.9650509232 0.1616684302
H -0.6384926103 1.8680694696 -0.7778739511
H -0.7089656876 1.821622771 0.9980871307
H 0.2560659826 -0.3102692732 2.1452508023
H 0.9185959307 -1.5538217732 1.0554047667
H 1.7453757174 0.0035939318 1.2258585639
H -1.0987628855 -1.7035341502 -0.0602599376
H -2.0349813364 -0.3396421103 0.5730453747
H -0.9814528343 -0.2748123189 -2.3233159179
-6.16882438 -0.68572728

dsgdb9nsd_000260
C -0.0742751996 1.4904939565 0.0109889695
C 0.0647653854 -0.0211533663 0.0014372145
O 1.1475554899 -0.563932082 -0.0120633884
C -1.2293868226 -0.8171456745 0.0092481908
C -1.0128493495 -2.3226876929 -0.0005309165
O -2.2969502806 -2.9315385939 0.0080651719
H 0.9129893256 1.9533755016 0.0034119153
H -0.6473400989 1.8260993434 -0.8606623341
H -0.6292800816 1.816518093 0.8978360024
H -1.8213347601 -0.5295212079 0.88833477
H -1.8372654474 -0.5205396831 -0.8558836834
H -0.4337537662 -2.6063173671 -0.8905262605
H -0.417584437 -2.6154765889 0.8757275288
H -2.1732123075 -3.8850122179 0.0025731597
-6.68856212 -0.30204654000000003

dsgdb9nsd_000261
C -0.1023394744 1.5595399137 0.0594664884
C 0.0536447415 0.0401969255 -0.03770121
C 0.6813665815 -0.5711821615 1.2144517977
C 0.8506190926 -2.0842988847 1.1494159526
C 1.4709115214 -2.7439446624 2.3703202405
O 0.5114274376 -2.7269614972 0.1820960188
H 0.866061779 2.053143594 0.2003523676
H -0.5535340791 1.9689382941 -0.8495274052
H -0.7413029016 1.8431468451 0.903615386
H -0.9200732679 -0.4296599377 -0.2125568266
H 0.6663614799 -0.2223988208 -0.90665902
H 1.6685576765 -0.1292116646 1.4152218349
H 0.0846132501 -0.3361644485 2.1082324496
H 2.4681006233 -2.3321097287 2.5625109639
H 0.8678260369 -2.5412195655 3.2625771635
H 1.5430451029 -3.8208035208 2.2135543983
-6.5715531 -0.19320094000000002

dsgdb9nsd_000262
C -0.0178915212 1.5625758257 0.0243885815
C -0.0141971191 0.033709809 0.0799411391
C -1.4122068601 -0.5689615941 -0.0754047673
C -1.3871776885 -2.0943346363 -0.1630469253
N -2.5503677307 -2.7089439266 0.2104590045
O -0.4168127195 -2.7221278928 -0.5398705115
H 0.9938245424 1.9634976954 0.1390385852
H -0.4123169294 1.925271165 -0.9317790232
H -0.636922395 1.9931435992 0.819944014
H 0.6258703864 -0.3800702046 -0.7045671256
H 0.4185998934 -0.3047251703 1.0287081332
H -2.0703809225 -0.2492796465 0.7424483331
H -1.8758752317 -0.1983622675 -1.0010067672
H -3.381091594 -2.1896158287 0.4332724954
H -2.6270163404 -3.7029408568 0.0685046442
-6.6123702 0.9768892600000001
